      0/99     1.37G   0.06414   0.01214    0.0126   0.08888        13       800    0.1308    0.2495   0.09153   0.03262   0.09268   0.01084   0.01176
      1/99     10.8G   0.06295  0.008761   0.01012   0.08183        10       800    0.2479    0.2888    0.1962   0.06716   0.09081  0.009546    0.0117
      2/99     8.45G   0.06275   0.00826  0.009119   0.08013        10       800    0.2766    0.3189      0.22   0.08891   0.09298  0.009231   0.01127
      3/99     11.3G   0.06309  0.008242  0.008919   0.08025        17       800   0.07004   0.09979   0.02423  0.008041    0.1112  0.008465   0.02018
      4/99     11.3G   0.06085  0.008337  0.009978   0.07916        16       800   0.08958    0.1827   0.04982   0.01875    0.1008  0.009703   0.01569
      5/99     11.3G   0.05944  0.008623  0.008885   0.07694        10       800    0.2407    0.2262    0.1484   0.05854   0.09392  0.009938   0.01373
      6/99     11.3G   0.05638  0.008674  0.008009   0.07306         6       800    0.2911     0.296    0.2171   0.09374   0.09412  0.009222    0.0116
      7/99     11.3G   0.05483  0.008501  0.007064   0.07039        13       800    0.3338    0.3258    0.2493   0.09443   0.09129  0.009391   0.01061
      8/99     11.3G   0.05188  0.008576  0.007249   0.06771        13       800    0.4354    0.3529    0.3166    0.1299   0.08991  0.009138   0.01152
      9/99     11.3G   0.05145  0.008778  0.006776     0.067        16       800    0.3935     0.336    0.3147    0.1378   0.08553  0.009487      0.01
     10/99     11.3G   0.05156  0.008621  0.006674   0.06686        18       800    0.4557    0.3654    0.3708    0.1813   0.08305  0.009293  0.009755
     11/99     11.3G   0.05146  0.008454  0.006237   0.06616        16       800     0.532    0.4545    0.4473    0.2119   0.08383  0.008824  0.008728
     12/99     11.3G   0.04932  0.008308  0.005896   0.06352         8       800    0.5429    0.4696    0.4846    0.2272    0.0836  0.008368  0.008763
     13/99     11.3G   0.04961  0.008194  0.005627   0.06343        18       800    0.6164    0.4853    0.5248     0.248   0.08101  0.008251  0.008413
     14/99     11.3G   0.04941  0.008366  0.005364   0.06314         6       800    0.5765    0.4221    0.4856    0.2354   0.08152  0.008512  0.009682
     15/99     11.3G    0.0482  0.008229  0.005114   0.06154        15       800    0.6141    0.5433    0.5637    0.2965   0.07974  0.008255   0.00922
     16/99     11.3G   0.04655   0.00792  0.004793   0.05927        13       800      0.71    0.5497    0.6191    0.3123   0.08019  0.007971  0.008477
     17/99     11.3G   0.04679  0.008213   0.00462   0.05962        11       800    0.6204    0.5642     0.589    0.3094   0.07973   0.00806  0.008746
     18/99     11.3G     0.046  0.008059  0.004775   0.05884        15       800    0.6142    0.5439    0.5682    0.2996   0.07755  0.008205  0.009186
     19/99     11.3G   0.04614  0.008029  0.004473   0.05864         9       800    0.7157     0.576    0.6482    0.3579   0.07545  0.008205  0.008615
     20/99     11.3G    0.0451  0.007979  0.004387   0.05746        10       800    0.6355    0.5775    0.6222    0.3325    0.0738  0.008394  0.007977
     21/99     11.3G   0.04573  0.008003  0.004118   0.05786        19       800    0.7203    0.5895    0.6886    0.3784   0.07451  0.007967  0.008379
     22/99     11.3G   0.04285  0.008088   0.00384   0.05478         8       800    0.7133    0.6221    0.6784    0.3771    0.0735   0.00796  0.007434
     23/99     11.3G   0.04403  0.007858  0.003802   0.05569        18       800    0.7294    0.6319    0.6902    0.3851   0.07456  0.007853  0.007941
     24/99     11.3G   0.04355  0.007872  0.003582     0.055        13       800    0.7591    0.6157     0.714    0.4068   0.07348  0.007897  0.008321
     25/99     11.3G   0.04359  0.007657  0.003408   0.05465        11       800    0.7339    0.6629    0.7191    0.3937    0.0738  0.007776  0.007988
     26/99     11.3G   0.04331  0.007661  0.003678   0.05465        12       800    0.6878    0.6728    0.7165    0.4021   0.07255  0.007959  0.008507
     27/99     11.3G   0.04292  0.007653  0.003511   0.05408        11       800    0.7353    0.6738    0.7185    0.3932   0.06791  0.008285  0.007725
     28/99     11.3G   0.04252  0.007641  0.003499   0.05366        15       800    0.7454    0.7005    0.7592    0.4409   0.06546  0.008335  0.008323
     29/99     11.3G   0.04192  0.007853  0.003024    0.0528         8       800    0.7083    0.7033    0.7302    0.4157   0.06542  0.008522   0.00893
     30/99     11.3G   0.04037  0.007617  0.002903   0.05089        13       800    0.7059    0.6752    0.7273    0.4235   0.06493  0.008569  0.008989
     31/99     11.3G   0.04017  0.007437  0.003126   0.05074         7       800    0.7505    0.6851    0.7514     0.432   0.06664  0.008238  0.007916
     32/99     11.3G   0.04007  0.007554  0.003051   0.05068         5       800    0.7621    0.7425    0.7852    0.4542   0.06689  0.008071  0.007341
     33/99     11.3G      0.04  0.007538  0.003163    0.0507         6       800     0.772    0.7167    0.7676    0.4529   0.06654  0.007989  0.007069
     34/99     11.3G   0.03899  0.007503  0.002592   0.04909         8       800    0.7992    0.6751    0.7697    0.4425   0.06513  0.008248  0.006725
     35/99     11.3G    0.0386  0.007512  0.002455   0.04857        19       800    0.7268    0.7295     0.764    0.4446   0.06453  0.008272  0.007632
     36/99     11.3G   0.03842  0.007396  0.002907   0.04872         8       800    0.7801    0.6909    0.7742    0.4669   0.06179   0.00848  0.007009
     37/99     11.3G   0.03842  0.007252  0.002682   0.04836        21       800    0.8233    0.7073    0.7955    0.4817   0.06209  0.008172  0.006434
     38/99     11.3G   0.03706  0.007489   0.00255    0.0471        11       800    0.8187    0.7462    0.8134    0.4949   0.06398  0.008065   0.00592
     39/99     11.3G   0.03801  0.007536  0.002563   0.04811         3       800    0.8146    0.6787    0.7884    0.4698   0.06244   0.00847  0.005668
     40/99     11.3G   0.03702  0.007438  0.002239    0.0467        13       800    0.7469    0.7787    0.8055    0.4884   0.06233  0.008177  0.005127
     41/99     11.3G   0.03639  0.007215  0.002304    0.0459        11       800    0.8001     0.751    0.8087    0.4952   0.05903  0.008564  0.005208
     42/99     11.3G   0.03623  0.007375  0.002309   0.04591         8       800    0.8098    0.7557    0.8125    0.4815   0.06145  0.008321  0.005675
     43/99     11.3G   0.03653  0.007245  0.002266   0.04604        14       800    0.8165    0.7512    0.8229     0.496   0.06013  0.008496   0.00577
     44/99     11.3G   0.03589  0.007304  0.002261   0.04546        11       800    0.7912    0.7402    0.8093    0.5037   0.05923  0.008348  0.005843
     45/99     11.3G   0.03536  0.007348  0.002655   0.04537        13       800     0.782    0.7795    0.8103    0.4885    0.0593  0.008335  0.005557
     46/99     11.3G   0.03539  0.007219  0.002034   0.04464        14       800    0.7982    0.7728    0.8274     0.501   0.05862  0.008306  0.005588
     47/99     11.3G   0.03441   0.00713  0.001966    0.0435        14       800    0.7684    0.7847    0.8106    0.4903   0.05801   0.00844  0.005753
     48/99     11.3G   0.03396  0.007144  0.001938   0.04304        19       800    0.8157    0.7606    0.8318    0.5191   0.05822  0.008245  0.005396
     49/99     11.3G    0.0343  0.007217  0.002049   0.04356        14       800    0.8229    0.7972    0.8403    0.5223   0.05781  0.008233  0.005388
     50/99     1.64G   0.03296   0.00706   0.00192   0.04194        13       800    0.8064    0.7535    0.8276    0.5268   0.05701  0.008438  0.005853
     51/99     10.5G   0.03402  0.007245  0.002121   0.04339        10       800    0.8379    0.7763    0.8405    0.5408   0.05732   0.00825  0.005059
     52/99     8.44G   0.03308  0.007338  0.001828   0.04225        10       800    0.8076    0.7965     0.845    0.5386   0.05584  0.008277  0.005412
     53/99     10.4G   0.03279  0.007078  0.001669   0.04154        17       800    0.8312    0.7731    0.8429    0.5427   0.05667   0.00813  0.005547
     54/99     10.4G   0.03188   0.00691  0.001577   0.04036        16       800    0.8125    0.8232    0.8552    0.5448    0.0579  0.007889  0.005749
     55/99     10.4G   0.03238  0.007158  0.001652   0.04119        10       800    0.8366    0.7961    0.8547    0.5361   0.05663  0.008097  0.005348
     56/99     10.4G   0.03228  0.006965  0.001615   0.04086         6       800    0.8189    0.7686     0.844     0.541    0.0571  0.008128  0.005242
     57/99     10.4G     0.032  0.006868  0.001559   0.04042        13       800    0.8199    0.7989    0.8519    0.5526   0.05659  0.008017   0.00504
     58/99     10.4G   0.03138  0.006897  0.001779   0.04006        13       800    0.8122     0.816    0.8601    0.5575   0.05616  0.007862  0.005094
     59/99     10.4G   0.03171  0.007062  0.001831   0.04061        16       800    0.8445     0.789    0.8534    0.5486   0.05773  0.007873   0.00486
     60/99     10.4G   0.03101  0.006885  0.001572   0.03947        18       800    0.8242    0.7962    0.8631    0.5565   0.05672  0.007892  0.004354
     61/99     10.4G   0.03089   0.00676  0.001628   0.03928        16       800    0.7975    0.8473    0.8631    0.5494   0.05784  0.007802  0.003922
     62/99     10.4G   0.03044   0.00666  0.001404    0.0385         8       800    0.8802    0.7932    0.8747    0.5709   0.05657  0.007753  0.003862
     63/99     10.4G   0.03056  0.006734  0.001555   0.03885        18       800    0.8499     0.817    0.8631    0.5579   0.05705    0.0077  0.004127
     64/99     10.4G    0.0308  0.006836  0.001606   0.03925         6       800    0.8503    0.7934    0.8659     0.556   0.05672   0.00784  0.004049
     65/99     10.4G   0.03004   0.00681  0.001534   0.03838        15       800     0.825    0.8259    0.8644    0.5748   0.05567  0.007842   0.00414
     66/99     10.4G   0.02962  0.006549  0.001443   0.03761        13       800    0.8119    0.8438    0.8733    0.5685   0.05517  0.007939  0.004368
     67/99     1.42G   0.02765   0.00646  0.001104   0.03521        13       800    0.8191    0.8425    0.8774    0.5742   0.05514  0.007859  0.004351
     68/99     10.9G   0.02809   0.00661  0.001093    0.0358        10       800    0.8612     0.816    0.8792    0.5872   0.05485  0.007719  0.004208
     69/99     8.46G   0.02758  0.006658 0.0009034   0.03514        10       800    0.8256     0.847    0.8815    0.5667   0.05455  0.007893  0.004161
     70/99     9.53G    0.0272  0.006443 0.0009268   0.03457        17       800    0.8344    0.8437    0.8778    0.5757   0.05471   0.00779  0.004045
     71/99     9.53G   0.02638  0.006255 0.0008993   0.03354        16       800    0.8531    0.8483    0.8827    0.5806   0.05408  0.008111  0.004278
     72/99     9.53G   0.02714  0.006491 0.0008983   0.03453        10       800    0.8776    0.8159    0.8868    0.5857   0.05347  0.008005   0.00388
     73/99     9.53G   0.02695  0.006315 0.0008706   0.03413         6       800    0.8461    0.8292    0.8828    0.5889   0.05357  0.008015    0.0035
     74/99     9.53G   0.02679  0.006238 0.0008863   0.03392        13       800    0.8393    0.8588    0.8854    0.5884   0.05247  0.008158  0.003713
     75/99     9.53G    0.0266  0.006268 0.0009126   0.03378        13       800    0.8548    0.8449    0.8851    0.5904    0.0539   0.00779  0.003524
     76/99     9.53G   0.02654  0.006414  0.000959   0.03391        16       800    0.8492    0.8494    0.8848     0.594   0.05405  0.007803  0.003441
     77/99     9.53G   0.02602  0.006258 0.0008177    0.0331        18       800    0.8812    0.8158    0.8817    0.5967   0.05601  0.007625  0.003336
     78/99     9.53G   0.02577  0.006154 0.0008031   0.03273        16       800    0.8643    0.8424    0.8811    0.5916   0.05426  0.007766  0.003143
     79/99     9.53G   0.02553  0.006068 0.0007623   0.03236         8       800    0.8592     0.851    0.8892    0.5987   0.05368  0.007774  0.003229
     80/99     9.53G   0.02602  0.006097 0.0007401   0.03286        18       800    0.8654    0.8416    0.8885    0.6036   0.05362  0.007817  0.003225
     81/99     9.53G   0.02601  0.006218  0.000865    0.0331         6       800    0.8519    0.8436    0.8884    0.6016    0.0529  0.007901  0.003263
     82/99     9.53G   0.02567  0.006149 0.0008108   0.03263        15       800    0.8784    0.8292    0.8848    0.5999   0.05333  0.007937  0.003203
     83/99     9.53G   0.02475  0.005952 0.0007676   0.03147        13       800    0.8581    0.8505    0.8875    0.5907   0.05324  0.007851  0.003346
     84/99     9.53G   0.02706  0.006352  0.001088    0.0345        11       800    0.8473     0.874    0.8935    0.6008   0.05305  0.007739   0.00332
     85/99     9.53G   0.02669  0.006231  0.001214   0.03414        15       800    0.8601      0.86     0.885    0.5965   0.05324   0.00781   0.00318
     86/99     9.53G   0.02714  0.006253  0.001173   0.03456         9       800    0.8568    0.8531    0.8884    0.6013   0.05312  0.007711  0.003259
     87/99     9.53G   0.02642  0.006128  0.001124   0.03367        10       800     0.861    0.8375    0.8873       0.6   0.05325  0.007778  0.003319
     88/99     9.53G   0.02706   0.00626  0.001126   0.03445        19       800    0.8497    0.8535    0.8879    0.5987   0.05346  0.007699   0.00346
     89/99     9.53G   0.02569  0.006265 0.0009919   0.03295         8       800    0.8418    0.8544    0.8836    0.6015   0.05302  0.007756  0.003386
     90/99     9.53G    0.0268  0.006159  0.001056   0.03401        18       800     0.838    0.8737    0.8896    0.5991   0.05274   0.00774   0.00341
     91/99     9.53G   0.02613  0.006236  0.001123   0.03349        13       800    0.8589     0.841    0.8877    0.5909   0.05194  0.007849  0.003482
     92/99     9.53G   0.02575  0.006004 0.0009332   0.03269        11       800    0.8591    0.8539    0.8895    0.5981   0.05207  0.007852  0.003488
     93/99     9.53G   0.02577  0.005975 0.0008744   0.03262        12       800      0.87    0.8532    0.8917    0.5941   0.05233   0.00777  0.003473
     94/99     9.53G   0.02568  0.006031  0.001033   0.03275        11       800    0.8616    0.8529    0.8911    0.5969   0.05177  0.007801  0.003436
     95/99     9.53G   0.02571   0.00601  0.001043   0.03276        15       800    0.8579    0.8436    0.8896     0.597   0.05273   0.00768   0.00351
     96/99     9.53G   0.02544  0.006156  0.001013   0.03261         8       800    0.8801    0.8328    0.8936    0.5977   0.05239   0.00777  0.003452
     97/99     9.53G   0.02514  0.005996 0.0008943   0.03203        13       800    0.8679    0.8484    0.8907    0.6015   0.05242  0.007732  0.003403
     98/99     9.53G    0.0253  0.005856 0.0009486    0.0321         7       800    0.8645    0.8484    0.8937    0.6028    0.0527  0.007744  0.003328
     99/99     9.53G   0.02535   0.00601   0.00103   0.03239         5       800    0.8587    0.8532    0.8927    0.6046   0.05231  0.007805   0.00337
