      0/99     2.23G   0.06545   0.01112   0.01279   0.08936        43       640    0.3233    0.3229    0.2174   0.05841    0.0839   0.01027   0.01072
      1/99     13.9G   0.05148  0.009076  0.005947    0.0665        21       640    0.4502    0.6101    0.5072    0.2242   0.07576  0.009055  0.007008
      2/99     10.7G   0.04882  0.008181  0.004827   0.06183        36       640     0.738    0.5232    0.6351    0.3212   0.07001  0.009376  0.007086
      3/99     12.1G   0.05126  0.007275  0.004725   0.06326        30       640     0.663    0.5519    0.6015    0.2791    0.0795  0.008238   0.00744
      4/99     12.1G   0.05505   0.00749  0.006548   0.06909        45       640    0.4759    0.4263    0.4035    0.1871   0.08757  0.009061      0.01
      5/99     12.1G   0.05802  0.007616  0.007017   0.07265        31       640    0.2556    0.2945    0.1756   0.07175   0.08484   0.01058   0.01183
      6/99     12.1G    0.0575  0.007806  0.007392    0.0727        41       640    0.2661    0.2961    0.1886   0.06909   0.08804   0.01024   0.01207
      7/99     12.1G   0.05517  0.007614   0.00645   0.06923        44       640     0.456    0.4329    0.3957    0.1719   0.07909  0.009609  0.008571
      8/99     12.1G   0.05286  0.007289  0.005715   0.06587        34       640    0.6323    0.5105    0.5248    0.2509   0.07427  0.009535   0.01032
      9/99     12.1G   0.05171  0.007503  0.005671   0.06489        27       640    0.5919    0.5028    0.5257    0.2467   0.07696  0.009591    0.0109
     10/99     11.3G   0.04994  0.007585  0.005015   0.06254        23       640    0.5758    0.5497    0.5528    0.2688   0.07437  0.009303  0.008185
     11/99     11.3G   0.04692  0.007408  0.004446   0.05878        25       640    0.7158    0.6737    0.7168    0.3971   0.07083  0.008599  0.007045
     12/99     11.3G   0.04481  0.007202  0.004023   0.05603        34       640    0.7453    0.6221    0.6849    0.3739   0.07237  0.008666   0.00735
     13/99     11.3G   0.04434  0.007102  0.003713   0.05515        23       640    0.6968    0.6851    0.7077    0.3795   0.07108  0.008584  0.009126
     14/99     11.3G   0.04304  0.007039  0.003902   0.05398        38       640    0.7401    0.7266     0.742    0.4118   0.07051  0.008471  0.006742
     15/99     11.3G   0.04247  0.007075  0.004151   0.05369        34       640    0.8315    0.6654    0.7617    0.4446    0.0681  0.008723  0.007306
     16/99     11.3G   0.04093  0.006846  0.003175   0.05095        37       640    0.7817    0.6776    0.7541    0.4384   0.06798  0.008789  0.008236
     17/99     11.3G   0.04033  0.006837  0.003227    0.0504        42       640    0.8154    0.6941    0.7726    0.4456   0.06813  0.008481  0.007563
     18/99     11.3G   0.03947  0.006733  0.002749   0.04895        42       640    0.8026    0.7138    0.7957     0.461   0.06696   0.00859  0.007252
     19/99     11.3G   0.03973  0.006733  0.002704   0.04917        38       640    0.7653    0.7394    0.7823    0.4837   0.06606  0.008609  0.006401
     20/99     11.3G   0.03882  0.006747  0.002793   0.04836        26       640    0.8183    0.7291    0.8084    0.4797   0.06619  0.008422  0.007016
     21/99     11.3G   0.03842  0.006755  0.002593   0.04777        27       640    0.8458    0.7448    0.8308    0.5119   0.06495  0.008094  0.006473
     22/99     11.3G   0.03761  0.006647  0.002581   0.04684        34       640     0.799     0.774    0.8261    0.5001   0.06559  0.007985  0.007169
     23/99     11.3G   0.03717  0.006663  0.002332   0.04616        33       640    0.8331    0.7541    0.8138    0.5064   0.06338  0.008487  0.007745
     24/99     11.3G   0.03684  0.006645  0.002503   0.04599        24       640    0.8488    0.7546    0.8267    0.5233   0.06276  0.008363  0.006571
     25/99     11.3G   0.03647  0.006675  0.002497   0.04564        39       640    0.8334    0.7627    0.8328    0.5143   0.06025  0.008548  0.006362
     26/99     11.3G   0.03588   0.00662  0.002379   0.04488        30       640    0.8623    0.7318    0.8299    0.5184   0.06056   0.00855  0.006166
     27/99     11.3G   0.03523  0.006604  0.002114   0.04395        34       640    0.8202    0.7592    0.8132    0.5105   0.05969  0.008554  0.005703
     28/99     11.3G   0.03507  0.006523  0.002047   0.04364        38       640    0.8262    0.8135     0.836    0.5177   0.06085  0.008273  0.005075
     29/99     11.3G   0.03458  0.006409  0.002258   0.04325        36       640     0.843    0.7808    0.8421    0.5407    0.0614  0.007937  0.005743
     30/99     11.3G    0.0335  0.006414    0.0019   0.04182        37       640    0.8728    0.7569    0.8364    0.5354   0.05991  0.008108  0.006114
     31/99     11.3G   0.03389  0.006295  0.001934   0.04211        25       640    0.8498    0.7847    0.8395    0.5363   0.06002  0.007881  0.005611
     32/99     11.3G   0.03282  0.006395  0.001892   0.04111        38       640    0.8234     0.792    0.8422     0.534   0.06021  0.007944  0.005467
     33/99     11.3G   0.03295  0.006462  0.002035   0.04145        33       640    0.8233    0.8279    0.8513    0.5569   0.05973  0.007835  0.005898
     34/99     11.3G   0.03201  0.006324  0.001859   0.04019        47       640    0.8834    0.8161    0.8684    0.5616   0.05981  0.007869  0.005755
     35/99     11.3G   0.03194  0.006317  0.002043    0.0403        33       640    0.8329    0.8014    0.8492    0.5323   0.05971  0.008111  0.005554
     36/99     11.3G   0.03196  0.006213  0.001626    0.0398        27       640    0.8733    0.8063    0.8663    0.5576    0.0593  0.007826  0.005537
     37/99     11.3G    0.0316  0.006231    0.0015   0.03934        39       640     0.869    0.7966    0.8595    0.5589   0.05939  0.007747  0.005788
     38/99     11.3G    0.0311  0.006197  0.001747   0.03905        32       640    0.8632    0.8314    0.8677    0.5625   0.05983  0.007624  0.005831
     39/99     11.3G   0.03055  0.006051  0.001657   0.03826        27       640    0.8892     0.823    0.8722    0.5789   0.05916  0.007461  0.005558
     40/99     11.3G   0.03049   0.00612  0.001557   0.03817        34       640    0.8601    0.8305    0.8712    0.5732   0.05787  0.007524  0.005568
     41/99     11.3G    0.0301  0.006097  0.001527   0.03772        28       640    0.8582    0.8351    0.8806    0.5798   0.05672  0.007621  0.005545
     42/99     11.8G   0.02984  0.006116  0.001454   0.03741        29       640    0.8725    0.8223    0.8867    0.5809   0.05766  0.007645  0.005747
     43/99     11.8G   0.02972  0.005924  0.001404   0.03705        34       640    0.8606    0.8527    0.8907    0.5838   0.05808  0.007595  0.004911
     44/99     11.8G   0.02918  0.006058  0.001441   0.03668        33       640    0.8959    0.8244    0.8863    0.5952   0.05752  0.007566  0.004678
     45/99     11.8G   0.02907  0.005824  0.001376   0.03627        34       640    0.8598    0.8525    0.8864    0.5831   0.05734  0.007398  0.005112
     46/99     11.8G   0.02928  0.005967  0.001327   0.03657        27       640    0.8526    0.8631    0.8886    0.5839    0.0587  0.007298  0.005002
     47/99     11.8G   0.02924  0.005898  0.001291   0.03643        35       640    0.8835    0.8378    0.8887    0.5803   0.05714  0.007688  0.005453
     48/99     11.8G   0.02894  0.005918  0.001306   0.03616        30       640    0.8601    0.8482     0.878    0.5928   0.05858  0.007269  0.004692
     49/99     11.8G   0.02857    0.0059  0.001421    0.0359        33       640    0.8718    0.8665    0.8935    0.5856   0.05796  0.007259  0.004807
     50/99     11.8G   0.02827  0.005788  0.001354   0.03541        31       640    0.8559    0.8559    0.8912     0.598   0.05555  0.007623  0.004782
     51/99     11.8G    0.0277  0.005747  0.001354    0.0348        38       640     0.885    0.8591    0.9006    0.6112    0.0548  0.007607  0.004931
     52/99     11.8G   0.02812  0.005655  0.001177   0.03495        27       640    0.8804    0.8709    0.9072    0.6121   0.05473  0.007546  0.005028
     53/99     11.8G   0.02742  0.005788  0.001423   0.03463        47       640    0.8713    0.8746    0.9024    0.5987   0.05491  0.007602  0.004665
     54/99     11.8G   0.02776   0.00594  0.001185   0.03489        37       640    0.8958    0.8497    0.8993    0.6039    0.0549  0.007576  0.004402
     55/99     11.8G   0.02713  0.005757  0.001092   0.03398        29       640    0.8895    0.8809    0.9077    0.6123    0.0544  0.007556  0.004584
     56/99     11.8G    0.0271  0.005595  0.001004    0.0337        28       640    0.8644    0.8749    0.9032    0.6104   0.05494   0.00738  0.004391
     57/99     11.8G   0.02615  0.005398  0.001073   0.03262        36       640    0.8719    0.8686    0.9055     0.608   0.05712  0.007117  0.004128
     58/99     11.8G   0.02656  0.005507  0.001108   0.03318        39       640    0.8686    0.8696    0.8971    0.6124   0.05349  0.007656  0.004322
     59/99     11.8G   0.02599  0.005661 0.0009675   0.03261        30       640    0.8946    0.8821    0.9105    0.6133   0.05382  0.007372  0.003687
     60/99     11.8G   0.02633  0.005539  0.001139     0.033        33       640    0.8792    0.8795     0.909    0.6149   0.05353  0.007572  0.003511
     61/99     11.8G   0.02572  0.005562 0.0009549   0.03224        20       640    0.8851    0.8713    0.9077    0.6291   0.05327  0.007501  0.003647
     62/99     11.8G   0.02594  0.005318 0.0009477    0.0322        25       640    0.9206    0.8425    0.9084     0.627   0.05364  0.007373  0.003772
     63/99     11.8G   0.02539  0.005459     0.001   0.03185        48       640    0.8969    0.8725    0.9081    0.6209   0.05454  0.007288   0.00391
     64/99     11.8G   0.02539  0.005458 0.0009484    0.0318        38       640    0.8796    0.8762    0.9035    0.6164    0.0532  0.007411  0.003812
     65/99     11.8G   0.02531  0.005396  0.001048   0.03175        30       640    0.8853    0.8746    0.9067    0.6218   0.05287  0.007338  0.003537
     66/99     11.8G   0.02519  0.005483  0.001039   0.03171        31       640    0.8996    0.8694    0.9136    0.6403   0.05259  0.007354    0.0036
     67/99     11.8G   0.02518  0.005379 0.0008915   0.03145        52       640    0.8796    0.8893    0.9083    0.6232   0.05264  0.007395  0.003588
     68/99     11.8G   0.02502  0.005384   0.00094   0.03134        43       640    0.8655    0.8868    0.9096    0.6305   0.05186  0.007499  0.003769
     69/99     11.8G   0.02448  0.005345  0.001052   0.03088        30       640    0.8835    0.8882    0.9061    0.6325   0.05217  0.007493  0.003876
     70/99     11.8G   0.02453  0.005276 0.0008951    0.0307        33       640     0.887    0.8867    0.9136    0.6399   0.05088  0.007524  0.003671
     71/99     11.8G   0.02406  0.005241 0.0009094   0.03021        27       640    0.8814    0.9062    0.9137    0.6326   0.05116  0.007487  0.003594
     72/99     11.8G   0.02403  0.005323  0.001003   0.03035        22       640    0.8814    0.9033    0.9156    0.6378   0.05126  0.007465  0.003513
     73/99     11.8G   0.02384  0.005218 0.0009205   0.02998        36       640     0.896     0.884    0.9188    0.6391    0.0509  0.007532  0.003299
     74/99     11.8G    0.0238  0.005091 0.0008732   0.02976        34       640    0.8887    0.8904     0.913    0.6404    0.0519  0.007461  0.003335
     75/99     11.8G   0.02365   0.00521  0.000817   0.02967        34       640    0.8845    0.8821    0.9114    0.6431   0.05106  0.007368  0.003229
     76/99     11.8G   0.02362  0.005186 0.0007614   0.02957        34       640    0.8841    0.8928    0.9134    0.6402   0.05172  0.007352  0.003366
     77/99     11.8G   0.02283  0.005135 0.0007592   0.02872        28       640    0.8911    0.8929    0.9085    0.6387   0.05123  0.007392  0.003178
     78/99     11.8G   0.02318   0.00519 0.0008817   0.02925        39       640    0.9043    0.8773    0.9119    0.6368    0.0519  0.007361  0.003161
     79/99     11.8G   0.02286  0.005087 0.0006973   0.02865        22       640    0.8948    0.9013    0.9152    0.6441   0.05068  0.007365  0.003197
     80/99     11.8G   0.02308  0.005039 0.0007341   0.02885        29       640    0.8958    0.8761    0.9053    0.6372   0.05094  0.007414  0.003044
     81/99     11.8G   0.02324  0.005088 0.0008026   0.02913        24       640    0.8917    0.8894    0.9107    0.6407   0.05057  0.007254  0.003134
     82/99     11.8G   0.02248  0.005054 0.0007289   0.02826        30       640     0.892    0.8761    0.9078    0.6416   0.05048  0.007402  0.003077
     83/99     11.8G   0.02285  0.005172 0.0007925   0.02882        30       640    0.8875    0.8809    0.9114    0.6446   0.05031  0.007402   0.00296
     84/99     11.8G   0.02258  0.005175 0.0007348   0.02849        42       640    0.8812    0.9009    0.9177    0.6465   0.05056  0.007354   0.00293
     85/99     11.8G   0.02232  0.005047 0.0007067   0.02808        40       640    0.9041    0.8846    0.9104      0.64   0.04977  0.007411  0.002867
     86/99     11.8G   0.02256  0.005083 0.0007615    0.0284        27       640    0.8773    0.8923    0.9117    0.6422   0.05054   0.00738  0.002921
     87/99     2.33G   0.02272  0.004934 0.0008217   0.02848        43       640    0.8926    0.8882    0.9084    0.6424   0.05008  0.007408  0.002952
     88/99     12.9G     0.022  0.004954 0.0008241   0.02778        21       640    0.9011    0.8773    0.9111    0.6481   0.04969  0.007373  0.002947
     89/99     10.7G   0.02194  0.005042 0.0007923   0.02778        36       640    0.8867    0.8921    0.9107    0.6441   0.04946  0.007415  0.002819
     90/99     10.8G   0.02178  0.004898 0.0006749   0.02735        30       640    0.8907    0.8975    0.9097    0.6487   0.04984  0.007299  0.002889
     91/99     10.8G   0.02186  0.004918 0.0006883   0.02746        45       640    0.8966     0.893    0.9117    0.6426   0.04971  0.007429   0.00279
     92/99     12.2G   0.02195  0.005069 0.0007365   0.02776        31       640    0.8827    0.9095     0.915    0.6448   0.05007  0.007359  0.002623
     93/99     12.2G    0.0219  0.004908 0.0006726   0.02748        41       640    0.8922    0.8964    0.9129    0.6469   0.05029   0.00731  0.002573
     94/99     12.2G   0.02196  0.004899 0.0007184   0.02758        44       640    0.8956    0.8939    0.9115    0.6426   0.04975  0.007332  0.002559
     95/99     12.2G   0.02145  0.004785 0.0005978   0.02683        34       640    0.8749     0.918    0.9129    0.6441   0.04989  0.007349  0.002573
     96/99     12.2G   0.02158  0.004876 0.0006471    0.0271        27       640    0.8851    0.9088    0.9135    0.6455   0.04957  0.007355  0.002492
     97/99     12.2G   0.02125  0.004849 0.0006233   0.02672        23       640    0.8782    0.9026    0.9119    0.6426   0.04944  0.007403  0.002522
     98/99     12.2G   0.02123  0.004895  0.000574    0.0267        25       640    0.8863    0.9074    0.9142    0.6431   0.04968  0.007297  0.002621
     99/99     12.2G   0.02139  0.004742 0.0006347   0.02677        34       640    0.8898    0.8946    0.9153     0.647   0.04915  0.007369   0.00271
